   790  75   -16  -9    12   0    25
    16   4    25   0    16  -4    18   0    16   4   24    0    16  -4 
    23   0    16   4    22   0    16  -4    21   0   16    4    20   0
    16  -4    19   0    16   4   -64   0    17   2   24    0    17  -2
    23   0    17   2    22   0    17  -2    21   0   17    2    20   0
    17  -2    19   0    17   2   -64   0     0   0   25    0   -64 -64
   791  11   -16  -9    12 -25    25
   -25   0    25   0   -64 -64
   792  23   -16  -9    12 -25    25
   -25   0   -15   0   -64   0    -5   0     5   0   -64   0    15   0
    25   0   -64 -64
   793  35   -16  -9    12 -25    26
   -25   0   -24   0   -64   0   -17   0    -7   0   -64   0     0   0
     1   0   -64   0     8   0    18   0   -64   0    25   0    26   0
   -64 -64
   794  47   -16  -9    12 -24    25
   -24   0   -23   0   -64   0   -16   0   -15   0   -64   0    -8   0
    -7   0   -64   0     0   0     1   0   -64   0     8   0     9   0
   -64   0    16   0    17   0   -64   0    24   0    25   0   -64 -64
   795  35   -16  -9    12 -25    26
   -25   0   -15   0   -64   0    -8   0    -7   0   -64   0     0   0
     1   0   -64   0     8   0     9   0   -64   0    16   0    26   0
   -64 -64
   848  13   -16  -9    12  -9     0
    -9  -5     0   0    -9   5   -64 -64
   849  39   -16  -9    12  -9     0
     0   0    -9   5    -9  -5     0   0   -64   0    -3   0    -8   3
   -64   0    -3   0    -8  -3   -64   0    -6   0    -8   1   -64   0
    -6   0    -8  -1   -64 -64
   858  19   -16  -9    12 -14    14
     6   5    14   0     6  -5   -64   0   -14   0    14   0   -64 -64
   859  11   -16  -9    12   0    28
     0   0    28   0   -64 -64
