   879 125   -35 -32     5 -33     0   % Fixed SLR system.
     8 -13     5   0     4   2     3   4     0   5    -3   4    -4   2
    -5   0    -8 -13   -64   0    15 -17    15 -32    30 -32    30 -17
   -30 -17   -30 -32   -15 -32   -15 -17   -64   0    15 -32   -15 -32
   -64   0     0 -17     0 -32   -64   0    30 -17    15 -32     0 -17
   -15 -32   -30 -17   -64   0    30 -32    15 -17     0 -32   -15 -17
   -30 -32   -64   0    30 -17    30 -15     2 -17     1 -15    -1 -15
    -2 -17   -30 -15   -30 -17   -64   0    30 -15    29  -8     1 -15
   -64   0    29 -12     2 -16   -64   0   -30 -15   -29  -8    -1 -15
   -64   0   -29 -12    -2 -16   -64 -64
   880 207   -35 -32     5 -33     0   % Mobile SLR system.
     9 -17     5   0     4   2     3   4     0   5    -3   4    -4   2
    -5   0    -9 -17   -64   0    30 -17   -30 -17   -64   0    25 -32
    30 -32    30 -17    20 -22   -20 -22   -30 -17   -30 -32   -25 -32
   -64   0   -15 -32    15 -32   -64   0   -17 -29   -19 -27   -21 -27
   -23 -29   -23 -31   -21 -33   -19 -33   -17 -31   -17 -29   -64   0
   -16 -30   -17 -27   -20 -26   -23 -27   -24 -30   -23 -33   -20 -34
   -17 -33   -16 -30   -64   0   -15 -29   -16 -27   -17 -26   -19 -25
   -21 -25   -23 -26   -24 -27   -25 -29   -25 -31   -24 -33   -23 -34
   -21 -35   -19 -35   -17 -34   -16 -33   -15 -31   -15 -29   -64   0
    17 -29    19 -27    21 -27    23 -29    23 -31    21 -33    19 -33
    17 -31    17 -29   -64   0    16 -30    17 -27    20 -26    23 -27
    24 -30    23 -33    20 -34    17 -33    16 -30   -64   0    15 -29
    16 -27    17 -26    19 -25    21 -25    23 -26    24 -27    25 -29
    25 -31    24 -33    23 -34    21 -35    19 -35    17 -34    16 -33
    15 -31    15 -29   -64 -64
   881  41   -35 -32     5   0    33   % SLR objective, left 26.57 deg elev.
     8 -12    10 -13    16  -1    -1  14   -11  19   -22  -3   -12  -8
    -7  -9   -64   0    -9  18   -20  -4   -64   0    -1  14   -12  -8
   -64   0   -10  18   -21  -3   -64 -64
   882  39   -35 -32     5   0    33   % SLR objective, left 63.43 deg elev.
    -7  -7   -14   1   -19  11     3  22     8  12    13 -10     8 -13
   -64   0   -18   9     4  20   -64   0   -14   1     8  12   -64   0
   -18  10     3  21   -64 -64
   883  37   -35 -32     5   0    33   % SLR objective, 90 deg elev.
     8 -11    12   7    12  18   -12  18   -12   7    -8 -11   -64   0
   -12   7    12   7   -64   0   -12  16    12  16   -64   0   -12  15
    12  15   -64 -64
   884  39   -35 -32     5   0    33   % SLR objective, right 63.43 deg elev.
     7  -7    14   1    19  11    -3  22    -8  12   -13 -10    -8 -13
   -64   0    18   9    -4  20   -64   0    14   1    -8  12   -64   0
    18  10    -3  21   -64 -64
   885  41   -35 -32     5   0    33   % SLR objective, right 26.57 deg elev.
    -8 -12   -10 -13   -16  -1     1  14    11  19    22  -3    12  -8
     7  -9   -64   0     9  18    20  -4   -64   0     1  14    12  -8
   -64   0    10  18    21  -3   -64 -64
   886  41   -35 -32     5   0     0   % SLR camera, left 26.57 deg elev.
    13   7    15  11    -3  20    -5  16    13   7   -64   0    -1  19
    -3  15   -64   0    -1  16    -3  12   -64   0    11  10     8   4
   -64   0    -2  19    -4  16   -64 -64
   887  41   -35 -32     5   0     0   % SLR camera, left 63.43 deg elev.
    15  -2    19   0    10  18     6  16    15  -2   -64   0    11  16
     7  14   -64   0    10  17     7  15   -64   0     9  14     5  12
   -64   0    15   2     9  -1   -64 -64
   888  41   -35 -32     5   0     0   % SLR camera, 90 deg elev.
    12  -9    17  -9    17  11    12  11    12  -9   -64   0    12  10
    17  10   -64   0    12   9    17   9   -64   0    10   8    14   8
   -64   0     8  -6    14  -6   -64 -64
   889  41   -35 -32     5   0     0   % SLR camera, right 63.43 deg elev.
   -15  -2   -19   0   -10  18    -6  16   -15  -2   -64   0   -11  16
    -7  14   -64   0   -10  17    -7  15   -64   0    -9  14    -5  12
   -64   0   -15   2    -9  -1   -64 -64
   890  41   -35 -32     5   0     0   % SLR camera, right 26.57 deg elev.
   -13   7   -15  11     3  20     5  16   -13   7   -64   0     1  19
     3  15   -64   0     1  16     3  12   -64   0   -11  10    -8   4
   -64   0     2  19     4  16   -64 -64
   891  53   -35 -32     5   0     0   % Bullseye (radius=3)
     3   1     1   3    -1   3    -3   1    -3  -1    -1  -3     1  -3
     3  -1     3   1   -64   0     3   0    -3   0   -64   0     0   3
     0  -3   -64   0     2   1     1   1     1   2   -64   0    -2  -1
    -1  -1    -1  -2   -64 -64
