   892 235   -33   0    32 -13    13   % Acqua Alta
    -5   8    -8 -32    -9 -32    -6   8     6   8     9 -32     8 -32
     5   8   -64   0    -5   7     5   7   -64   0     0   7    -6  -5
     6  -5     0   7   -64   0     0  -5    -7 -16     7 -16     0  -5
   -64   0     0 -27     0 -16    -8 -27     8 -27     0 -16   -64   0
    -5   8     5   8    -5  20    -5   8     5  20     5   8   -64   0
     5  17     7  17     7  15    -7  15    -7  25    -5  25    -5  20
     7  20     7  22    -7  22   -64   0     5  20     9  25     9  27
    -7  27    -7  25     9  25   -64   0     6  15     6 -30   -64   0
   -14 -30    26 -30   -64   0    -3  15     3   8   -64   0    -7  20
    -5  20   -64   0     5  20     5  25   -64   0     9  27     9  30
   -64   0    10  30     8  30     9  32    10  30   -64   0    -3  25
    -3  27   -64   0     1  25     1  27   -64   0     5  25     5  27
   -64   0     0  20     0  22   -64   0    -7  24    -5  24   -64   0
    -7  23    -5  23   -64   0    -7  21    -5  21   -64   0    -7  19
    -5  19   -64   0    -7  18    -5  18   -64   0    -7  17    -5  17
   -64   0    -7  16    -5  16   -64   0     3   8     3  10   -64   0
     0  12     0  14   -64 -64
   893  41   -33   0    32 -13    13   % Waves
   -14   0   -11   0   -10   1    -9   0    -6   0    -5   1    -4   0
    -1   0     0   1     1   0     4   0     5   1     6   0     9   0
    10   1    11   0    14   0   -64 -64
