      JulDay  Hour  Latitude Longitude Short_tid    LP_tid Pure_Tide  Geo_Tide  Rad_Tide
 12053.00000     0    -7.688    59.195  -100.211     1.676   -98.535   -94.773     3.762
 12053.04167     1    -7.688    59.195  -137.088     1.660  -135.429  -131.095     4.333
 12053.08333     2    -7.688    59.195  -139.252     1.642  -137.609  -133.777     3.833
 12053.12500     3    -7.688    59.195  -105.735     1.624  -104.111  -101.778     2.333
 12053.16667     4    -7.688    59.195   -44.215     1.605   -42.610   -42.448     0.162
 12053.20833     5    -7.688    59.195    30.754     1.585    32.338    30.158    -2.181
 12053.25000     6    -7.688    59.195   100.998     1.563   102.562    98.418    -4.144
 12053.29167     7    -7.688    59.195   149.021     1.541   150.563   145.302    -5.261
 12053.33333     8    -7.688    59.195   162.473     1.518   163.991   158.725    -5.266
 12053.37500     9    -7.688    59.195   137.589     1.494   139.083   134.924    -4.160
 12053.41667    10    -7.688    59.195    80.416     1.470    81.885    79.678    -2.207
 12053.45833    11    -7.688    59.195     5.229     1.444     6.673     6.801     0.127
 12053.50000    12    -7.688    59.195   -69.375     1.418   -67.957   -65.663     2.294
 12053.54167    13    -7.688    59.195  -125.434     1.390  -124.044  -120.246     3.798
 12053.58333    14    -7.688    59.195  -150.069     1.362  -148.707  -144.393     4.315
 12053.62500    15    -7.688    59.195  -138.337     1.333  -137.004  -133.231     3.773
 12053.66667    16    -7.688    59.195   -94.076     1.304   -92.772   -90.405     2.367
 12053.70833    17    -7.688    59.195   -28.841     1.273   -27.568   -27.067     0.501
 12053.75000    18    -7.688    59.195    40.763     1.242    42.005    40.693    -1.312
 12053.79167    19    -7.688    59.195    96.965     1.211    98.175    95.591    -2.585
 12053.83333    20    -7.688    59.195   125.257     1.178   126.435   123.455    -2.981
 12053.87500    21    -7.688    59.195   118.317     1.145   119.462   117.064    -2.398
 12053.91667    22    -7.688    59.195    78.176     1.111    79.288    78.292    -0.996
 12053.95833    23    -7.688    59.195    15.772     1.077    16.849    17.695     0.846
